0 0.20173743593750001 0.5689337859375 0.1766249640625 0.7747605765625 0.2871585125 0.7826010203125 0.312270984375 0.5767742296875 0.20173743593750001 0.5689337859375
0 0.3227008515625 0.36074678125 0.302728090625 0.3379586390625 0.3108926953125 0.28968881562500004 0.333659940625 0.21497725625 0.3663088765625 0.1898155921875 0.3606494203125 0.18025497343750002 0.2858391578125 0.1780015390625 0.2606961828125 0.1975895 0.246093540625 0.2240312359375 0.23911680156249998 0.2998628578125 0.25986814375 0.33491846875000003 0.2930063234375 0.3616935296875 0.31256980156249997 0.3691873390625 0.3227008515625 0.36074678125
0 0.188981296875 0.5802411984375 0.23261982812499998 0.5955488375 0.2596492875 0.57914775 0.2747106703125 0.4184039109375 0.23336790624999998 0.42157747656250005 0.18796283125 0.458046553125 0.17233224687499998 0.5302112734375 0.188981296875 0.5802411984375
0 0.155233934375 0.446565821875 0.189070734375 0.448965959375 0.2025654765625 0.43160481562499997 0.20868367187499998 0.306863334375 0.20150702968749998 0.29108897499999997 0.155323371875 0.315290584375 0.13620915625000002 0.3414123015625 0.12919243593750002 0.39892272812499996 0.14317641875 0.433498309375 0.155233934375 0.446565821875
0 0.23933565781250002 0.055633576562499995 0.1968849921875 0.0678877359375 0.161281646875 0.11726431562499999 0.16406665625 0.1876822453125 0.19384114531250002 0.22337789218749998 0.241212665625 0.2267380828125 0.271196534375 0.1861220765625 0.2631613484375 0.121437859375 0.23933565781250002 0.055633576562499995
0 0.18100711875 0.8880346343750001 0.154836203125 0.9533455843749999 0.22763659218750001 0.9585095125 0.2448677703125 0.8681399656250001 0.18100711875 0.8880346343750001
0 0.0998482546875 0.7326778734375 0.09430873906250001 0.7780808421875001 0.122606025 0.8258839453125001 0.1639487875 0.82271038125 0.1628903421875 0.6821945390625 0.12495124843750001 0.6947687171875 0.0998482546875 0.7326778734375
0 0.0600132 0.9099828109375 0.0536951015625 0.9431183109375001 0.053889748437499996 0.9461851781249999 0.1128589546875 0.9503680234375 0.12612963593749998 0.8902481484375 0.1027931859375 0.8763805890624999 0.0768716296875 0.8837010828125 0.0600132 0.9099828109375
0 0.106935459375 0.879727471875 0.16107434062499998 0.8835676890625 0.172971934375 0.8233504171874999 0.144425290625 0.8335377656249999 0.1022639640625 0.8061226687499999 0.099598896875 0.7906683265625001 0.08917850625 0.8387781421874999 0.106935459375 0.879727471875
0 0.078847553125 0.7556127171875 0.092012971875 0.7595996359375 0.1230647640625 0.6915818421875 0.1270870953125 0.6399651359375 0.0992790515625 0.64409875625 0.0681473 0.6754741578125001 0.058465512500000004 0.71753024375 0.078847553125 0.7556127171875
0 0.0789864484375 0.4747410421875 0.06745815468750001 0.5319314515625 0.0961247421875 0.5767076906249999 0.11794400625000001 0.5843615093750001 0.149983759375 0.452299534375 0.10224293749999999 0.4519662078125 0.0789864484375 0.4747410421875
0 0.23747967499999997 0.23868552968749998 0.2224277703125 0.23151173749999998 0.1758348328125 0.24041901562499998 0.1597150046875 0.2606470125 0.152289003125 0.30286310781250003 0.155323371875 0.315290584375 0.19625685312500002 0.2968226859375 0.23612241250000002 0.305756578125 0.23747967499999997 0.23868552968749998
0 0.0070011765625 0.5612267359375 0.016104282812500002 0.5985091640625 0.03907143125 0.6154035859375 0.0507196671875 0.6131767671875 0.057656426562499995 0.519023946875 0.02947908125 0.5261844328125 0.0070011765625 0.5612267359375
0 0.0424446 0.4385653703125 0.05298493125 0.44541914374999997 0.06086019375 0.4368185765625 0.0764907796875 0.36465385625 0.05356361093749999 0.36608063125 0.037813084375 0.3832817625 0.0318642875 0.41339040000000005 0.0424446 0.4385653703125
0 0.1209813890625 0 0.1185910984375 0.0195912953125 0.13593877031249998 0.045246295312500004 0.1724006578125 0.044779575 0.1709751109375 0 0.1209813890625 0
0 0.047546403125 0.881620965625 0.06485409375 0.8889547671875 0.0821218046875 0.8779673718750001 0.092831534375 0.7901883 0.087172078125 0.780627678125 0.036107546875 0.807536134375 0.034710303125 0.8562859859374999 0.047546403125 0.881620965625
0 0.078118428125 0.5937488140625 0.052606153125 0.6163636421875001 0.0466973359375 0.6647934734375001 0.0905852265625 0.6221106578125 0.10818225781249999 0.5897752046875 0.078118428125 0.5937488140625
0 0.0329532359375 0.7401450703125 0.024788634375 0.78841489375 0.030448090625 0.7979755140625 0.048494384375 0.7992555875 0.0833991078125 0.77425393125 0.058096210937500004 0.72055710625 0.0329532359375 0.7401450703125
0 0.021584865624999998 0.8706202624999999 0.013420262499999999 0.9188900859375 0.028512146874999998 0.9443850765624999 0.0510700140625 0.9459851671875 0.06637127968749999 0.8951685062499999 0.039631159375 0.8719003359374999 0.036966090624999996 0.8564459953125001 0.021584865624999998 0.8706202624999999
0 0.1806757265625 0.2193909734375 0.152378440625 0.17158786875 0.1280140484375 0.203443296875 0.12284383437499999 0.2458194015625 0.14285657499999999 0.2869287390625 0.1492546328125 0.29043562968750003 0.1683288703125 0.2459927171875 0.1976141171875 0.2297516375 0.1806757265625 0.2193909734375
0 0.1530770625 0.1472129421875 0.115916553125 0.1720545875 0.10926913437500001 0.22653815000000002 0.120178765625 0.2303650578125 0.154634228125 0.171747878125 0.1530770625 0.1472129421875
0 0.09358909062500001 0.44829930781250005 0.1510916625 0.443218940625 0.1197600078125 0.382988359375 0.098020703125 0.4119769328125 0.09358909062500001 0.44829930781250005
0 0.08740041093749999 0.368480765625 0.066399709375 0.391415609375 0.06574106874999999 0.4341117296875 0.0774292828125 0.450206109375 0.0913333046875 0.4481392984375 0.08740041093749999 0.368480765625
0 0.095934315625 0.317184078125 0.141748671875 0.2960093328125 0.12550890312500002 0.2612737421875 0.095075771875 0.26827421875 0.095934315625 0.317184078125
0 0.1069406453125 0 0.0952546484375 0.0057237390625 0.0859421609375 0.044752959375 0.09348810468749999 0.0575004546875 0.1272849234375 0.04157939375 0.11812322500000001 0 0.1069406453125 0
0 0.1428466953125 0.1480382296875 0.153928553125 0.1110671 0.15983424375 0.06861188593749999 0.15463723125 0.051680396875 0.144789478125 0.049034015624999996 0.13110813125 0.0480635609375 0.1057965484375 0.053088679687499994 0.093107934375 0.06777756562500001 0.0825019671875 0.1011279375 0.08087895625 0.1263471046875 0.0954371125 0.1439456578125 0.1145285734375 0.14822164531249998 0.12593295468750001 0.15000756875000001 0.133619665625 0.152500659375 0.1428466953125 0.1480382296875
0 0.048469021875000004 0.23123196093749998 0.056900095312499996 0.245471071875 0.07130329375 0.2464927296875 0.0819884484375 0.24822458125 0.0891911765625 0.24873549062500003 0.099259903125 0.24360308437499997 0.1032941671875 0.23414693125000002 0.0927516328125 0.23145126718750003 0.0819115171875 0.21314251718750002 0.08158433125 0.1741439453125 0.0864811828125 0.1637719984375 0.0916282875 0.157316559375 0.09064568437500001 0.147504546875 0.0804591515625 0.1536025234375 0.0598605984375 0.1735769484375 0.0471596 0.182418346875 0.0431271765625 0.2035709046875 0.048469021875000004 0.23123196093749998
0 0.0392023484375 0.65248618125 0.046405076562499994 0.652997090625 0.04793730625 0.6404386296875 0.0453503765625 0.6197935234374999 0.029030035937499997 0.6108383609375 0.021436365625000002 0.5956847234375 0.0136442328125 0.600004690625 0.0126106265625 0.6203929828125 0.0166040609375 0.6352912453124999 0.0273016015625 0.6428705859375 0.0392023484375 0.65248618125
0 0 0.9423626328125 0.0282872765625 0.944369125 0.030058171875 0.9417653046875 0.0125604265625 0.918310078125 0.015014223437499998 0.8924171031249999 0.004918473437499999 0.8858543765625001 0 0.894325853125 0 0.9423626328125
0 0.2368364046875 0 0.21521007656250002 0.0136402078125 0.20287488437499998 0.025432385937500003 0.1962225734375 0.056141423437500004 0.19457253593749999 0.06966545156250001 0.208833159375 0.059957703125 0.2286044359375 0.046745134375000004 0.2407040140625 0.036884096875 0.244827640625 0.0566642796875 0.2523837890625 0.054278479687500006 0.26686666406250004 0.054087617187500006 0.266853 0.030944453125 0.2660228765625 0 0.2368364046875 0
0 0.06672815625 0.647178484375 0.0507391 0.688918459375 0.04960006875 0.7161198109375 0.0601651609375 0.7188170734375 0.06419947031249999 0.697667703125 0.071112165625 0.6767225046875 0.0847439734375 0.6543030062499999 0.09888678906250001 0.6455608265625 0.11158778750000001 0.6367194281249999 0.1260817671875 0.6250803781250001 0.1062707109375 0.6207533484375001 0.08828003125 0.6253207781250001 0.06672815625 0.647178484375
0 0.039603828125000004 0.42596844375 0.030254698437499998 0.4311518921875 0.0230913796875 0.448183609375 0.02457260625 0.4658254546875 0.032284082812499997 0.48001352343750003 0.0461102625 0.49171354375 0.04912109375 0.49679979531249996 0.058602671875 0.496498421875 0.062293689062500004 0.48409309062499994 0.071671634375 0.44870470781250005 0.062204740625 0.4431605109375 0.0510479890625 0.4452939640625 0.039603828125000004 0.42596844375
0 0.149019271875 0.30316240781250003 0.13342299375 0.3059518265625 0.12023801406250001 0.31281104375 0.09881633125 0.3395506703125 0.0940624234375 0.360648996875 0.1087796328125 0.34123132031250003 0.1224384671875 0.3305069578125 0.1388702625 0.32679982500000004 0.14629396249999999 0.31953194687500003 0.149019271875 0.30316240781250003