0 0.81610576875 0.577108434375 0.775240384375 0.577108434375 0.775240384375 0.61566265 0.81610576875 0.61566265 0.81610576875 0.577108434375
0 0.75 0.5807228921875 0.7451923078125 0.6024096390625 0.7668269234375 0.6024096390625 0.7668269234375 0.5831325296875 0.75 0.5807228921875
0 0.653846153125 0.6313253015625 0.658653846875 0.621686746875 0.6706730765625 0.6120481921875001 0.66826923125 0.6048192765625 0.6634615390625 0.6 0.6490384609375 0.6 0.6418269234375 0.607228915625 0.6418269234375 0.6192771078125 0.64423076875 0.6265060234375001 0.653846153125 0.6313253015625
0 0.47355769218750005 0.5951807234375 0.478365384375 0.592771084375 0.478365384375 0.5807228921875 0.47115384687499995 0.5734939765625 0.45673076874999996 0.5734939765625 0.4519230765625 0.5783132531249999 0.44951923125000004 0.58554216875 0.4519230765625 0.5903614453125 0.46634615312500005 0.5951807234375 0.47355769218750005 0.5951807234375
0 0.35576923125 0.61445783125 0.365384615625 0.607228915625 0.365384615625 0.5951807234375 0.3605769234375 0.5879518078125 0.3485576921875 0.5879518078125 0.346153846875 0.5903614453125 0.34375 0.5951807234375 0.34375 0.6096385546875001 0.346153846875 0.61445783125 0.35576923125 0.61445783125
0 0.696865384375 0.5881469874999999 0.6858918265625 0.586771084375 0.6825985578125 0.592824096875 0.6793076921875 0.599975903125 0.677935096875 0.6038289156250001 0.6834206734375 0.6013518078125 0.69028125 0.600250603125 0.7037235578125001 0.599975903125 0.701528846875 0.5933734937499999 0.696865384375 0.5881469874999999
0 0.5421274031250001 0.6709518078125 0.5355432687499999 0.6701277109375 0.5281370187500001 0.6761807234375 0.5267644234375 0.6819566265625 0.528685096875 0.6904843374999999 0.53033173125 0.6959879515625 0.5360913468749999 0.6959879515625 0.5385625 0.6973614453125 0.54020673125 0.70148915625 0.54679326875 0.70148915625 0.5465168265625 0.69131084375 0.5456947109375 0.6803060234375 0.5481634609375 0.6739783125 0.5421274031250001 0.6709518078125
0 0.259615384375 0.6409638546875 0.2668269234375 0.6337349390625 0.2668269234375 0.6192771078125 0.2644230765625 0.61445783125 0.25 0.61445783125 0.2451923078125 0.6168674703125 0.2451923078125 0.6313253015625 0.2572115390625 0.6409638546875 0.259615384375 0.6409638546875
0 0.321528846875 0.6024795187499999 0.314853365625 0.598797590625 0.30784375 0.6004698796875 0.308177884375 0.607833734375 0.30851201875 0.6121855421875 0.3112644234375 0.6144939765624999 0.317189903125 0.6155325296874999 0.322865384375 0.6128530125 0.322865384375 0.6074987953125001 0.321528846875 0.6024795187499999
0 0.3308125 0.6424096390625 0.32055048125 0.6494843375 0.318625 0.6559156625 0.3224735578125 0.6617036140625 0.32888701875000004 0.6694216875000001 0.3308125 0.657202409375 0.3359423078125 0.6501277109375 0.34235817343749997 0.6462674703125 0.3308125 0.6424096390625
0 0.3301706734375 0.686144578125 0.3269639421875 0.682286746875 0.319908653125 0.6790698796875 0.314134615625 0.6816433734375 0.31670192343750003 0.6880746984375 0.31670192343750003 0.699650603125 0.3243990390625 0.6990072296875 0.32888701875000004 0.695149396875 0.3301706734375 0.686144578125
0 0.3152331734375 0.690660240625 0.3128365390625 0.6817325296875001 0.30701442343749996 0.6755518078125 0.3011923078125 0.6731469875 0.29502884687500003 0.6758939765624999 0.29776923125 0.6807012046875001 0.30393269218749996 0.6934072296875 0.30564423125 0.7012433734375 0.31146634687499997 0.70542650625 0.3148918265625 0.7002746984375 0.3152331734375 0.690660240625