0 0.34392716874999996 0.8223122734375 0.3393579484375 0.611094090625 0.22511885937499998 0.6085019968750001 0.22968808125 0.8197201812499999 0.34392716874999996 0.8223122734375
0 0.288026140625 0.39260560624999996 0.30914321875 0.3992940046875 0.3182672734375 0.3901871546875 0.2944828140625 0.367915109375 0.2957391140625 0.3182696140625 0.30804771249999996 0.24093326875 0.3377512921875 0.2136656171875 0.3305554796875 0.2041884671875 0.253686146875 0.2055489234375 0.23084240781249998 0.2267629734375 0.21979010781250002 0.254453821875 0.22380137812499998 0.332160465625 0.2501860265625 0.3669100125 0.288026140625 0.39260560624999996
0 0.1947229421875 0.49604580625 0.1893413796875 0.5704347015625 0.2137305890625 0.6206620968750001 0.260627565625 0.6341446921875 0.285869909375 0.6160896921875 0.2776457859375 0.45135795312500004 0.2358147953125 0.4566180578125 0.1947229421875 0.49604580625
0 0.1259025546875 0.43860101562500003 0.1452929734375 0.4731918609375 0.1595502109375 0.48593385937500005 0.19452135937499998 0.48672735781250004 0.20577524375 0.4683549578125 0.19369463125 0.34079121875 0.1840330203125 0.32504887031249996 0.14034098125 0.3519991203125 0.1246258625 0.37958416875 0.1259025546875 0.43860101562500003
0 0.23989926874999998 0.21454997343749999 0.22216831875 0.148950528125 0.1881174953125 0.0829807859375 0.1464880890625 0.0975593375 0.11732206406250001 0.1496761859375 0.1305245859375 0.22138212968749998 0.1662348734375 0.256343275 0.2151944828125 0.25745417187499997 0.23989926874999998 0.21454997343749999
0 0.310051525 0.979879515625 0.31323606718749997 0.9116500203125 0.2508255546875 0.9350709234375 0.2398972796875 0.9782877109375001 0.310051525 0.979879515625
0 0.2020267390625 0.7259537890625001 0.165060153125 0.740638140625 0.144950990625 0.780541990625 0.1459589078125 0.8271342359375 0.181937971875 0.87451998125 0.22376896093749998 0.8692598796875 0.2020267390625 0.7259537890625001
0 0.13026418125 0.9633816281250001 0.129685175 0.9757869921875001 0.1921632765625 0.9772046234375 0.1950061046875 0.940013625 0.16909181874999998 0.9270071296875001 0.14364789218750001 0.93574368125 0.13026418125 0.9633816281250001
0 0.15322191406250002 0.8397175359375 0.1496342046875 0.88931013125 0.17382183281250002 0.9302190765624999 0.22977566875000002 0.9314886734375 0.2330946015625 0.8694714781249999 0.20538645937500002 0.8812612796874999 0.1582207078125 0.8553540843749999 0.15322191406250002 0.8397175359375
0 0.1041075234375 0.723731996875 0.10038542343750001 0.76711229375 0.126837265625 0.804967990625 0.140892921875 0.8083915375 0.1626615484375 0.7374790921875001 0.159187834375 0.6846216468749999 0.1313453046875 0.6901991468750001 0.1041075234375 0.723731996875
0 0.1550217796875 0.49204035937499996 0.106129365625 0.4940356125 0.08568423124999999 0.5184087125 0.08229810625 0.5773197578125 0.118209975 0.6215993531249999 0.1416584640625 0.62834065 0.1550217796875 0.49204035937499996
0 0.1795045890625 0.33115536875 0.22160435781249999 0.338319865625 0.2131318484375 0.2698258703125 0.1966775921875 0.263243271875 0.1503181703125 0.2746098734375 0.136800071875 0.2960355234375 0.13540938281249998 0.3394687203125 0.14034098125 0.3519991203125 0.1795045890625 0.33115536875
0 0.07711812343749999 0.661027103125 0.07037227812499999 0.5646306609375 0.0425969421875 0.5733143109375 0.0424848703125 0.5735457453125 0.0483880828125 0.6532391140625 0.06552826875 0.663868753125 0.07711812343749999 0.661027103125
0 0.054771153125000006 0.48976566562499996 0.0615637984375 0.480605915625 0.06694536250000001 0.40621702187500003 0.0436984578125 0.40879417343749996 0.0346415953125 0.42100717187500003 0.03571670625 0.47070556874999997 0.0429797125 0.48328886718749997 0.054771153125000006 0.48976566562499996
0 0.063772971875 0 0.058478865625 0.0148421484375 0.0592852 0.0521159453125 0.08080544375 0.07744124375 0.11804080937500001 0.075181490625 0.1047860375 0 0.063772971875 0
0 0.09074420625 0.8600322874999999 0.0964821375 0.909836484375 0.11333956406250001 0.9350559828125 0.1321252296875 0.9416914796875 0.14817632187500002 0.929637178125 0.146227684375 0.8395588375 0.139031871875 0.8300816875000001 0.09074420625 0.8600322874999999
0 0.11921789218750001 0.6681916015625 0.1324672140625 0.6343413515625 0.10229327343750001 0.6398659531249999 0.07951673125 0.664186153125 0.080591840625 0.7138845500000001 0.11921789218750001 0.6681916015625
0 0.1342346625 0.8237635890625 0.10045261875 0.7702184437499999 0.0776088796875 0.79143249375 0.07635258125 0.8410779890625 0.0835483953125 0.8505551390624999 0.1021996734375 0.8509783375 0.1342346625 0.8237635890625
0 0.0851610609375 0.925102734375 0.0839047609375 0.9747482312500001 0.1302586765625 0.9758000046875 0.13459103125 0.9479566796875 0.10381233906250001 0.9255259328125 0.0988135484375 0.9098893859375 0.0851610609375 0.925102734375
0 0.14345832812499998 0.280663475 0.17103208281249999 0.26266137500000003 0.1521792203125 0.2529197265625 0.11620015312500001 0.20553398125000003 0.0959566046875 0.23922552968750002 0.0968973265625 0.282711628125 0.12341636250000002 0.3236734734375 0.13047778593749998 0.326938321875 0.14345832812499998 0.280663475
0 0.0918985328125 0.26707507812500003 0.11853156406250001 0.20558688125 0.1133311875 0.180631884375 0.078964790625 0.20779373437499998 0.080174290625 0.2637044296875 0.0918985328125 0.26707507812500003
0 0.1139095328125 0.42280576718749996 0.095930196875 0.4534440671875 0.09673652968749999 0.49071786250000005 0.1548201953125 0.48272190937500004 0.1139095328125 0.42280576718749996
0 0.08048385625 0.493453715625 0.09440512031250001 0.4906649640625 0.0786696078125 0.4095876703125 0.060555882812499996 0.43401367031250004 0.0661594234375 0.47760556718749997 0.08048385625 0.493453715625
0 0.1018961171875 0.2983481765625 0.071789371875 0.3069789265625 0.0798587125 0.356836025 0.1236179453125 0.3329919234375 0.1018961171875 0.2983481765625
0 0.0391760375 0.09201979375 0.0714126109375 0.07412349375 0.054084825 0.0271609484375 0.0333709109375 0.0391094484375 0.0295816203125 0.0793835953125 0.0391760375 0.09201979375
0 0.0859710625 0.18481083125 0.09420184375 0.18697834062500002 0.1029858875 0.1819742984375 0.1088880046875 0.14371331874999999 0.10868811406250001 0.1001105328125 0.10088172343749999 0.08309081406249999 0.09041745 0.08087262656250001 0.07627745 0.080551790625 0.0511201078125 0.0869167 0.0402980796875 0.1025233640625 0.0343505 0.1370670765625 0.0363978515625 0.162875709375 0.0538796609375 0.1801180703125 0.07404071718750001 0.18354664999999998 0.0859710625 0.18481083125
0 0.055451996875 0.2871639640625 0.0628961890625 0.28733287343749997 0.07244286250000001 0.28160413125 0.0751800125 0.271759378125 0.0639976640625 0.2695249 0.050215351562499996 0.25137610625 0.0441468453125 0.21160476718750001 0.04763185625 0.2007835046875 0.051948724999999994 0.193945721875 0.049500817187500004 0.18398331875 0.0399755765625 0.190702925 0.0299160828125 0.20256410468750002 0.031713128125000004 0.285634953125 0.0442654390625 0.2859197640625 0.055451996875 0.2871639640625
0 0.0545837640625 0.6597023859375 0.0481472296875 0.6499876062500001 0.0510051265625 0.6885692109375 0.05752494375 0.6924670328125 0.071114275 0.7016949625 0.07855846718750001 0.701863871875 0.078279678125 0.6889764578124999 0.07259765625 0.6680403328125 0.0545837640625 0.6597023859375
0 0.082939790625 0.97419855 0.0816433484375 0.9476618437500001 0.07034954843749999 0.9414602296875 0.069828365625 0.9426829453125001 0.0721838734375 0.9744822828125 0.08343863124999999 0.9747376546875 0.082939790625 0.97419855
0 0.211315140625 0 0.201275428125 0.012590129687500002 0.17922630625 0.0249709234375 0.15726065625000002 0.0413182171875 0.146374325 0.05395229687500001 0.144083371875 0.08560785 0.144383596875 0.09948612812499999 0.1575462875 0.0888844515625 0.1758316109375 0.0744375046875 0.1867608140625 0.0637851515625 0.1938878578125 0.08376368749999999 0.20126774374999998 0.080960009375 0.21605704375 0.080056834375 0.21264044218749997 0.056446253125 0.2066791796875 0.0216323296875 0.211568153125 0.006878315625000001 0.212065503125 0 0.211315140625 0
0 0.135066078125 0.6660395546875 0.1173314265625 0.6715794078124999 0.09849543281249999 0.6949334453125 0.08827392187500001 0.7382997687499999 0.0911078609375 0.7661070015625 0.1023135234375 0.768342009375 0.1033315234375 0.746567534375 0.10732440000000001 0.7248605609375 0.1179748125 0.701320790625 0.1311589421875 0.6917099765625 0.142853365625 0.6820684640625 0.1559708578125 0.6694850125 0.135066078125 0.6660395546875
0 0.0680285625 0.5416032546875 0.0699809328125 0.5287664640624999 0.0743724890625 0.49220359062499996 0.06387182031250001 0.4870103484375 0.0527710703125 0.48973270312499995 0.038221271875000004 0.4705761203125 0.035748815625 0.4721898734375 0.0360671890625 0.48690704218749997 0.0389844078125 0.5262895000000001 0.0545441421875 0.537332684375 0.0583723140625 0.5423745296875 0.0680285625 0.5416032546875
0 0.1252000265625 0.364545975 0.1317266203125 0.3567679546875 0.132108140625 0.3399340203125 0.11656177812499999 0.3435427734375 0.1040807640625 0.3511856875 0.0860957328125 0.379514015625 0.08433401406249999 0.40127161562499997 0.0965362375 0.38074128749999997 0.108933778125 0.3691318734375 0.1252000265625 0.364545975