0 0.26164683125 0.34044351562499997 0.21965335625 0.33531535 0.2165739046875 0.3746241078125 0.258567378125 0.3797522734375 0.26164683125 0.34044351562499997
0 0.26923398593750003 0.35501170000000004 0.2676942578125 0.374666078125 0.2847932234375 0.37923447499999996 0.291465825 0.3577266109375 0.26923398593750003 0.35501170000000004
0 0.37526030781249997 0.3704397390625 0.3900815328125 0.3722496796875 0.3980695453125 0.3657842578125 0.3990318734375 0.3535002703125 0.39713906718750003 0.345828221875 0.3876431796875 0.339708 0.3819329078125 0.3489318765625 0.36881202343749997 0.35725078125 0.3707048296875 0.3649228296875 0.37526030781249997 0.3704397390625
0 0.5855807609375 0.42340699531250003 0.5909061 0.4190967125 0.5939537015624999 0.41202797812499997 0.591868428125 0.4068127265625 0.577432134375 0.400089190625 0.570021521875 0.3991842203125 0.564888646875 0.4010377046875 0.56392631875 0.41332169218750003 0.5707595328124999 0.421597053125 0.5855807609375 0.42340699531250003
0 0.6978947515625 0.42224076562499996 0.7005574218749999 0.420085625 0.7034125578125 0.4154736875 0.7045673531250001 0.40073290312500004 0.7024820796875 0.39551765156249996 0.6926012625 0.3943110234375 0.682143046875 0.40047478906249995 0.6811807171875001 0.412758775 0.6855437296875 0.42073248124999996 0.6978947515625 0.42224076562499996
0 0.3606930359375 0.36471961249999996 0.3548581734375 0.36655681875 0.347720253125 0.366818646875 0.333884928125 0.36541185781249996 0.3356128703125 0.3724188953125 0.33998760781250004 0.378332903125 0.35115419375 0.381112796875 0.3550218484375 0.3753545921875 0.358974796875 0.36847578593749997 0.3606930359375 0.36471961249999996
0 0.50325548125 0.28160495625 0.5027265796875 0.292017159375 0.5026923984375 0.30334052031250003 0.49965008125 0.30948226874999996 0.5056110296874999 0.313325465625 0.5123110953125 0.314991928125 0.5204052703125 0.30974985781250003 0.5222770953125 0.3040331609375 0.5209845390625001 0.29509753125 0.519732040625 0.2892795703125 0.5138134328125 0.2885568015625 0.5113837671875 0.28684632187500003 0.510023840625 0.2824314953125 0.50325548125 0.28160495625
0 0.807577925 0.3909896546875 0.7959967640625 0.37965417968750004 0.7935265609375 0.37935252343750003 0.78553855 0.3858179453125 0.78438375625 0.40055872968750006 0.7864690296875 0.40577398281250004 0.8012902531250001 0.40758392343749994 0.8064231296875001 0.40573043750000004 0.807577925 0.3909896546875
0 0.7409815140625 0.4025580546875 0.7383375125 0.3998590453125 0.7323314109375 0.39805658125 0.7262852375 0.40007632812500005 0.7258575765625 0.40553533281250004 0.72683010625 0.4108205625 0.733395775 0.41541225 0.7407324625 0.4145868640625 0.7409772796875 0.40703696093749997 0.7409815140625 0.4025580546875
0 0.7158245796875 0.3604311171875 0.7089232734375 0.3635617859375 0.7204795265625 0.368943975 0.731589909375 0.36301859062499997 0.734082234375 0.356703025 0.7305897390625 0.3503188453125 0.7246157015625 0.341644903125 0.721661075 0.3538616953125 0.7158245796875 0.3604311171875
0 0.73159066875 0.3120435375 0.7266706609375 0.3154136765625 0.7246323265625 0.32443364375 0.7276194406250001 0.3287693875 0.7346125484375 0.3329345734375 0.7407515328125001 0.33103529374999996 0.7386270453125 0.3241559328125 0.7395516515625 0.31235347812500003 0.73159066875 0.3120435375
0 0.7475817250000001 0.338139584375 0.7533724796875 0.34132208125 0.7599254953125001 0.33929478125 0.7574934296875 0.33404958125 0.7521746984375 0.320321440625 0.7510418109375 0.3121171546875 0.7453930984375 0.3071215421875 0.7414615640625 0.3119443140625 0.7403428546875 0.3217041015625 0.7420925640625 0.33110728749999996 0.7475817250000001 0.338139584375