0 0.70628376875 0.572622784375 0.7095280921875 0.6587900906249999 0.8113193296875 0.6504458796875 0.80807500625 0.5642785734375 0.70628376875 0.572622784375
0 0.9207106671874999 0.104357709375 0.9096802671875001 0.057929415625 0.8687309843750001 0.0386489015625 0.8223849937500001 0.0403901203125 0.8293266171875 0.0604004359375 0.8081260125 0.15474539062499998 0.8786851921875 0.138671715625 0.9207106671874999 0.104357709375
0 0.7000988593749999 0.326177621875 0.715063546875 0.394920690625 0.75786148125 0.381122709375 0.781688440625 0.3565322421875 0.75878318125 0.3234249828125 0.740043946875 0.3187873046875 0.7000988593749999 0.326177621875
0 0.75689401875 0.9306705734375 0.7188748296874999 0.907034 0.6850216625 0.9118670046874999 0.67518894375 0.9702952015624999 0.7552268171875001 0.9637341953125 0.75689401875 0.9306705734375
0 0.59817936875 0.7420034125 0.6239374734375 0.768703009375 0.6219343312500001 0.7976783000000001 0.6578678874999999 0.7659216062499999 0.6290251984374999 0.7394748640625 0.59817936875 0.7420034125
0 0.6432016859374999 0.5407510359375001 0.6647937671874999 0.5389810500000001 0.6890069546875 0.524648596875 0.694480909375 0.505678465625 0.6723481078125 0.4930872296875 0.635410359375 0.4981730921875 0.6432016859374999 0.5407510359375001
0 0.627531290625 0.28890963125 0.6644690390625 0.2838237703125 0.6795057250000001 0.2723014828125 0.6820495875 0.257687409375 0.6660087078125 0.2425388625 0.6289937109375 0.245573121875 0.627531290625 0.28890963125
0 0.6394783546875 0.4610910828125 0.6368640375 0.455590503125 0.628543059375 0.453757809375 0.6217062656250001 0.45477510781249997 0.616526265625 0.45788533906250006 0.6198376390625 0.4599578796875 0.62599904375 0.4683677796875 0.6275745359375 0.47372508281250003 0.632288403125 0.4710543625 0.6369678203125 0.4674686265625 0.6394783546875 0.4610910828125
0 0.6361023421875001 0.490172740625 0.6372355609375 0.492823071875 0.6463949140625 0.48955744843750004 0.6512794546875 0.48229794843749996 0.6510392203124999 0.4759174640625 0.6427010937500001 0.47362931406250003 0.6328624515625 0.47717905156249996 0.634800565625 0.4829634921875 0.6361023421875001 0.490172740625
0 0.6438263937500001 0.549207328125 0.6528944390625 0.54343439375 0.65068253125 0.53949984375 0.6438083531250001 0.5396064828125 0.6430120328125 0.536700103125 0.6354873750000001 0.5377737890625001 0.636706415625 0.5427034515625 0.6366043375 0.5491140531250001 0.6438263937500001 0.549207328125
0 0.639996996875 0.8621688484375 0.633486571875 0.8598564078125 0.626593190625 0.8587133984375 0.61890949375 0.859343259375 0.6176607875 0.8620077500000001 0.62082135625 0.8645947906250001 0.6219215828125 0.8710529484375 0.6230614390625 0.878645896875 0.6233606125 0.886591753125 0.62043885 0.8885393468749999 0.621397103125 0.8913089765625 0.6273856828125 0.8911020640625 0.636175453125 0.8858273234375 0.6449682296875 0.88055028125 0.6476045640625 0.8709396984375 0.639996996875 0.8621688484375