0 0.6058805390625001 0.1728997 0.605303940625 0.1299445359375 0.5643794234375 0.13380310625 0.5649560218749999 0.1767582703125 0.6058805390625001 0.1728997
0 0.5919314484375 0.1830697953125 0.571469190625 0.1849990796875 0.5691488312499999 0.2029276609375 0.59223670625 0.20581076406249998 0.5919314484375 0.1830697953125
0 0.5908321234375 0.291962253125 0.5910356296875 0.30712289843749996 0.5988107281249999 0.3139797421875 0.6115996406249999 0.3127739375 0.6192390703124999 0.30952368125 0.624218965625 0.2989342625 0.61392 0.2948453546875 0.60351928125 0.2831761265625 0.5958798515625 0.2864263828125 0.5908321234375 0.291962253125
0 0.56561343125 0.511917615625 0.5707968328125 0.51648884375 0.5785040984375 0.518292134375 0.5835857453125 0.5152830390625 0.5884978046875 0.49964007187500004 0.58839605 0.49205974843750006 0.5857704328125 0.48724735937499997 0.572981521875 0.4884531640625 0.5654099265625 0.4967569703125 0.56561343125 0.511917615625
0 0.5824864203125 0.6241754984375001 0.5850781203125 0.6264611109375 0.5902276015625 0.6285055640625 0.6055742953125 0.6270586015624999 0.61065594375 0.62404950625 0.6105202734375 0.6139424078125 0.60271125625 0.60455879375 0.58992234375 0.6057645953125 0.5823168328125 0.6115416265625 0.5824864203125 0.6241754984375001
0 0.594692221875 0.276365340625 0.5919854203125 0.2708471546875 0.5907197125 0.26374595156249997 0.5902384609375 0.249643721875 0.583261103125 0.252611446875 0.5777790734375 0.258036465625 0.5764734125000001 0.2697088921875 0.5829450296875 0.27256477968750004 0.5905829609375 0.2753081671875 0.594692221875 0.276365340625
0 0.7002069578125 0.40443951875 0.6894067859375 0.4057487578125 0.67773699375 0.40771429687499994 0.670985425 0.40575258593749997 0.6678580171874999 0.41240021562500007 0.6670761546875 0.41940352656249996 0.6736058046875 0.42658272343750003 0.679756175 0.42744745 0.6887810671875 0.42457508906249997 0.6945998078125 0.4222934359375 0.6945185421875 0.4162392875 0.6959416109375 0.41350430156250007 0.70029989375 0.411362878125 0.7002069578125 0.40443951875
0 0.629984959375 0.7284859046875 0.6400465 0.7148873906250001 0.640012584375 0.7123606140625001 0.6322374828124999 0.705503775 0.6168907906250001 0.7069507390624999 0.6118091421875 0.709959834375 0.6120126484374999 0.7251204796875 0.6146382671875 0.7299328671875001 0.629984959375 0.7284859046875
0 0.6087750703125 0.663843678125 0.611186590625 0.6607194921875 0.6122053875 0.654387053125 0.6092810546874999 0.648689509375 0.6035976609375 0.6492253671875 0.598288659375 0.651132590625 0.59447455625 0.6585179375 0.5963485609375 0.665718646875 0.6041604296875 0.6646304375 0.6087750703125 0.663843678125
0 0.648662878125 0.63121334375 0.6444747859375 0.6248557203125 0.6405426796875 0.6373779171875 0.6481971234375 0.6474566687500001 0.6550510125 0.6488369578125 0.6611405046875001 0.6442123234375 0.6692425890625 0.6366984515625 0.65624490625 0.6358974328125 0.648662878125 0.63121334375
0 0.700710365625 0.6384549703125 0.69655203125 0.6341235796875 0.6869754859375 0.6336755000000001 0.6829257234375 0.637432315625 0.6796106328125 0.645170346875 0.6824238125 0.6509820984375 0.6892143109375 0.647639846875 0.701501896875 0.6464813125 0.700710365625 0.6384549703125
0 0.676058203125 0.6590760609374999 0.6735876843749999 0.665436584375 0.6765905234375 0.6716403109375 0.68165463125 0.668278671875 0.695054853125 0.6605283843749999 0.7033486109375 0.657945065625 0.707706775 0.6514065640625 0.7021899031250001 0.6483215125 0.6919795359375 0.648924940625 0.6825367671875 0.6523376359374999 0.676058203125 0.6590760609374999