0 0.682 0.18918918906249999 0.5980000000000001 0.18918918906249999 0.5980000000000001 0.2882882890625 0.682 0.2882882890625 0.682 0.18918918906249999
0 0.19 0.1051051046875 0.16 0.0630630625 0.11399999999999999 0.072072071875 0.092 0.1111111109375 0.09 0.15615615625 0.11000000000000001 0.15015015 0.2 0.1741741734375 0.19 0.1051051046875
0 0.41600000000000004 0.23123123125 0.394 0.20720720781250002 0.36 0.22822822812500002 0.354 0.24624624687500002 0.358 0.2852852859375 0.426 0.27327327343749996 0.41600000000000004 0.23123123125
0 0.984 0.2552552546875 0.95 0.2522522515625 0.924 0.2882882890625 0.9259999999999999 0.321321321875 0.998 0.3363363359375 0.998 0.2792792796875 0.984 0.2552552546875
0 0.782 0.3423423421875 0.754 0.36936936875000004 0.754 0.39939939999999996 0.782 0.375375375 0.8099999999999999 0.37837837812499997 0.782 0.3423423421875
0 0.55 0.303303303125 0.532 0.297297296875 0.518 0.31831831875 0.52 0.3543543546875 0.562 0.3483483484375 0.562 0.32732732656249997 0.55 0.303303303125
0 0.304 0.303303303125 0.29 0.3003003 0.274 0.31531531562500004 0.274 0.3513513515625 0.316 0.3543543546875 0.314 0.31831831875 0.304 0.303303303125
0 0.493396 0.35639339375 0.49028400000000005 0.3517207203125 0.484286 0.3490510515625 0.47873200000000005 0.3513873875 0.476288 0.35939639687499997 0.476732 0.36606906875 0.47934200000000005 0.3712102109375 0.48162000000000005 0.368072071875 0.49028400000000005 0.36239940000000004 0.49561599999999995 0.361066065625 0.493396 0.35639339375
0 0.512502 0.343378378125 0.5058360000000001 0.338372371875 0.49961599999999995 0.338372371875 0.49672799999999995 0.34638138125 0.499394 0.35606005937499996 0.50517 0.354390390625 0.51228 0.353390390625 0.514946 0.3523873875 0.512502 0.343378378125
0 0.56138 0.3410420421875 0.560936 0.3477177171875 0.558048 0.34838438437499997 0.558492 0.35572672656250004 0.56338 0.35472372343749997 0.5696019999999999 0.35505705781249997 0.570268 0.3480510515625 0.56538 0.3390390390625 0.56138 0.3410420421875
0 0.896524 0.38024324374999996 0.898184 0.38315014999999997 0.900952 0.382321321875 0.901228 0.3765015015625 0.8968019999999999 0.367777778125 0.892374 0.3590510515625 0.883244 0.356141140625 0.874114 0.36320420468750003 0.871348 0.36943843906249996 0.869688 0.37608708750000003 0.869688 0.38356756718749996 0.8721780000000001 0.3848768765625 0.8749439999999999 0.381903903125 0.881308 0.381072071875 0.888778 0.38024324374999996 0.896524 0.38024324374999996