0 0.3857566765625 0.21777777812500002 0.1839762609375 0.21777777812500002 0.1839762609375 0.3266666671875 0.3857566765625 0.3266666671875 0.3857566765625 0.21777777812500002
0 0.6646884265625 0.29111111093750003 0.738872403125 0.30444444375 0.765578634375 0.3333333328125 0.7744807125000001 0.3266666671875 0.771513353125 0.2533333328125 0.7507418390625 0.2311111109375 0.7240356078125 0.22000000000000003 0.6498516328124999 0.222222221875 0.6172106828125 0.24666666718750002 0.593471809375 0.282222221875 0.5875370921874999 0.30222222187500003 0.59643916875 0.3111111109375 0.6172106828125 0.2888888890625 0.6646884265625 0.29111111093750003
0 0.5311572703125 0.2311111109375 0.492581603125 0.1911111109375 0.4213649859375 0.18444444375 0.373887240625 0.2066666671875 0.3620178046875 0.2511111109375 0.3798219578125 0.27555555625 0.5370919875 0.2711111109375 0.5311572703125 0.2311111109375
0 0.6409495546875 0.1933333328125 0.65578635 0.18444444375 0.6290801187499999 0.142222221875 0.6023738875 0.1266666671875 0.545994065625 0.1266666671875 0.513353115625 0.14444444375 0.5014836796875 0.157777778125 0.5014836796875 0.1911111109375 0.519287834375 0.202222221875 0.6409495546875 0.1933333328125
0 0.8872403562500001 0.1933333328125 0.8724035609375 0.1533333328125 0.82195845625 0.12444444375 0.7537091984375001 0.13555555625 0.72106825 0.1688888890625 0.72106825 0.21555555625 0.7626112765624999 0.24 0.8249258156250001 0.22444444375 0.8872403562500001 0.1933333328125
0 0 0.2888888890625 0.0979228484375 0.29555555624999996 0.0741839765625 0.23555555625000002 0.0089020765625 0.21777777812500002 0 0.22000000000000003 0 0.2888888890625
0 0.21958457031249998 0.137777778125 0.175074184375 0.137777778125 0.1305637984375 0.1711111109375 0.13649851562499998 0.21111111093749999 0.2729970328125 0.1933333328125 0.2581602375 0.157777778125 0.21958457031249998 0.137777778125
0 0 0.17555555625000002 0.06824925781249999 0.18222222187499998 0.08011869375 0.157777778125 0.0712166171875 0.13333333281249998 0.0445103859375 0.12 0.0118694359375 0.11777777812500001 0 0.12 0 0.17555555625000002
0 0.148367953125 0.1488888890625 0.1632047484375 0.14444444375 0.11572700312499999 0.13999999999999999 0.0771513359375 0.162222221875 0.0771513359375 0.21555555625 0.13649851562499998 0.22000000000000003 0.1246290796875 0.1933333328125 0.148367953125 0.1488888890625
0 0.3056379828125 0.1266666671875 0.2729970328125 0.1 0.23145400624999998 0.09555555624999999 0.195845696875 0.12 0.1928783375 0.13333333281249998 0.261127596875 0.15555555625 0.31157270000000004 0.1533333328125 0.3056379828125 0.1266666671875
0 0.4688427296875 0.0866666671875 0.41246290781250006 0.082222221875 0.37091988124999997 0.11555555625 0.3649851625 0.137777778125 0.4955489609375 0.1533333328125 0.492581603125 0.1066666671875 0.4688427296875 0.0866666671875
0 0.7091988125 0.2133333328125 0.71513353125 0.197777778125 0.7032640953125 0.1533333328125 0.68249258125 0.13999999999999999 0.6409495546875 0.137777778125 0.6290801187499999 0.142222221875 0.6498516328124999 0.18 0.6439169140625001 0.22000000000000003 0.7091988125 0.2133333328125
0 0.3798219578125 0.0266666671875 0.34421365000000004 0.04 0.3293768546875 0.06444444375 0.33234421406250003 0.07555555625 0.42433234375 0.0711111109375 0.4154302671875 0.04444444375 0.3798219578125 0.0266666671875
0 0.572700296875 0.0488888890625 0.5548961421875 0.035555556249999995 0.5252225515625 0.0333333328125 0.5014836796875 0.0466666671875 0.4955489609375 0.057777778125 0.5044510390625 0.06444444375 0.57566765625 0.0711111109375 0.572700296875 0.0488888890625
0 0.949554896875 0.0711111109375 0.9139465875000001 0.0711111109375 0.890207715625 0.09111111093749999 0.8931750734374999 0.1266666671875 0.9792284859375 0.11333333281249999 0.97329376875 0.08 0.949554896875 0.0711111109375
0 0.17210682500000002 0.1311111109375 0.142433234375 0.08444444375 0.0949554890625 0.0888888890625 0.0712166171875 0.10444444374999999 0.0652818984375 0.12222222187500001 0.0771513359375 0.137777778125 0.1632047484375 0.137777778125 0.17210682500000002 0.1311111109375
0 0.3293768546875 0.077777778125 0.28189910937499996 0.077777778125 0.32640949531249996 0.11555555625 0.35905044531249997 0.1288888890625 0.3531157265625 0.1 0.3293768546875 0.077777778125
0 0.20771513281249998 0.0733333328125 0.1602373890625 0.0711111109375 0.1513353109375 0.077777778125 0.1513353109375 0.09555555624999999 0.17804154375 0.1266666671875 0.22848664687500003 0.09555555624999999 0.20771513281249998 0.0733333328125
0 0.08011869375 0.09555555624999999 0.0949554890625 0.09111111093749999 0.08011869375 0.077777778125 0.03264095 0.07555555625 0.0089020765625 0.0933333328125 0 0.1066666671875 0.0089020765625 0.11555555625 0.059347181250000006 0.12444444375 0.08011869375 0.09555555624999999
0 0.7240356078125 0.15555555625 0.76854599375 0.12222222187500001 0.73590504375 0.102222221875 0.6943620171875 0.102222221875 0.65578635 0.1266666671875 0.6528189906249999 0.13333333281249998 0.6973293765624999 0.14666666718750002 0.71513353125 0.17333333281250002 0.7240356078125 0.15555555625
0 0.765578634375 0.0866666671875 0.7121661718750001 0.0866666671875 0.7091988125 0.097777778125 0.76854599375 0.12444444375 0.7922848671875 0.12 0.765578634375 0.0866666671875
0 0.4955489609375 0.097777778125 0.5044510390625 0.1533333328125 0.5608308609375 0.11555555625 0.5311572703125 0.097777778125 0.4955489609375 0.097777778125
0 0.548961425 0.06444444375 0.507418396875 0.0688888890625 0.492581603125 0.082222221875 0.4955489609375 0.09555555624999999 0.572700296875 0.082222221875 0.548961425 0.06444444375
0 0.6231454000000001 0.08444444375 0.6468842734375 0.1266666671875 0.679525221875 0.1066666671875 0.6706231453125 0.077777778125 0.6231454000000001 0.08444444375
0 0.9258160234374999 0.0466666671875 0.8872403562500001 0.042222221875 0.8753709203125 0.0511111109375 0.8931750734374999 0.082222221875 0.937685459375 0.0666666671875 0.9258160234374999 0.0466666671875
0 0.8871364984375001 0.1002066671875 0.8871364984375001 0.08672888906250001 0.88050741875 0.06260666718749999 0.8653560828125 0.05196444375 0.8322106828125 0.045579999999999996 0.8075875375000001 0.047 0.7914866468749999 0.06331555625 0.7886468843750001 0.08247111093750001 0.7876973296875 0.093822221875 0.7858041546875 0.10162666718749999 0.7907774484375001 0.11010666718749999 0.8274747781249999 0.11652444375 0.8691454000000001 0.1172333328125 0.8852433234375001 0.11013999999999999 0.8871364984375001 0.1002066671875
0 0.77159940625 0.056931110937499994 0.7782284859375 0.061188889062499995 0.7876973296875 0.05906 0.78106825 0.049837778124999996 0.760234421875 0.032100000000000004 0.750765578125 0.0207488890625 0.7299287828125001 0.0193311109375 0.7034124625 0.027844443749999996 0.690154303125 0.037775556249999995 0.690154303125 0.05196444375 0.689207715625 0.06260666718749999 0.689207715625 0.069702221875 0.6948902078125 0.07892444374999999 0.70435905 0.08173777812500001 0.706252225 0.07112 0.723299703125 0.05835111093749999 0.761181009375 0.053384443749999996 0.77159940625 0.056931110937499994
0 0.3425905046875 0.037775556249999995 0.3227032640625 0.03919555625 0.308498515625 0.0448711109375 0.3018694359375 0.056222221875 0.2933442140625 0.0689911109375 0.2933442140625 0.0760866671875 0.3056557859375 0.0760866671875 0.3255430265625 0.0711 0.3331216625 0.05409333281249999 0.34732640937500003 0.0448711109375 0.3425905046875 0.037775556249999995
0 0.022492581249999997 0.049837778124999996 0 0.05196444375 0.004925815625 0.07254000000000001 0.004925815625 0.09098444375 0.011554896875 0.0945311109375 0.033145400000000005 0.0746466671875 0.0584807125 0.073957778125 0.0641632046875 0.06331555625 0.043326409375 0.05409333281249999 0.022492581249999997 0.049837778124999996
0 0.9680623140625 0.21797555625 0.9548041546875 0.2073333328125 0.94249258125 0.18605111093749999 0.9263916906249999 0.1647666671875 0.91408011875 0.15412444375 0.88377448125 0.1512866671875 0.8705163203125 0.1512866671875 0.8809347187500001 0.164057778125 0.895139465625 0.1817933328125 0.9055578640625 0.19243555625 0.8866172109375 0.19882 0.8894569734375001 0.20591555625 0.8906409500000001 0.22003777812499997 0.91313353125 0.2172666671875 0.94627893125 0.21230000000000002 0.960486646875 0.2172666671875 0.9680623140625 0.21797555625
0 0.30040059375 0.095242221875 0.2587299703125 0.0846 0.23221365 0.08672888906250001 0.230320475 0.09736888906249999 0.251154303125 0.0987888890625 0.27198813125 0.10304444374999999 0.2947181015625 0.1136866671875 0.30418991093750003 0.126457778125 0.313658753125 0.1378088890625 0.32597032656249997 0.150577778125 0.3288100890625 0.1307133328125 0.3231305640625 0.1136866671875 0.30040059375 0.095242221875
0 0.5135311578125 0.0423911109375 0.5078486640625 0.033877778125 0.49080118749999996 0.0289111109375 0.4737566765625 0.03246 0.460498515625 0.041682221874999995 0.45008011875 0.05658 0.4453442140625 0.0601266671875 0.44629080156249995 0.0693511109375 0.4586023734375 0.071477778125 0.49364391718749995 0.07642 0.49837982187499996 0.0665133328125 0.4955370921875 0.0558711109375 0.5135311578125 0.0423911109375
0 0.601605340625 0.08992444375 0.5807715140624999 0.08779555624999999 0.6006587531250001 0.09985555625 0.6120237390625001 0.11191777812499999 0.61675964375 0.12752444375 0.6243353109374999 0.1339088890625 0.640433234375 0.13462000000000002 0.6366468843749999 0.11972000000000001 0.6290712171874999 0.10766 0.601605340625 0.08992444375