0 0.23503650625 0.4065069109375 0.23012360312500002 0.3172705421875 0.12517545937500002 0.3230484578125 0.1300883640625 0.41228482812499995 0.23503650625 0.4065069109375
0 0.0221352921875 0.8849424718750001 0.03436643125 0.93328474375 0.076996353125 0.9543800234375001 0.12481702812499999 0.9538783750000001 0.1172867953125 0.9329817953124999 0.1374649421875 0.8359706921875001 0.0649041375 0.8506211015625 0.0221352921875 0.8849424718750001
0 0.24589313124999998 0.661643059375 0.22919503125000001 0.5901044453125001 0.18525644531250002 0.6031790609375001 0.1611011859375 0.627951196875 0.18535147031250002 0.6628450625 0.204783871875 0.668168559375 0.24589313124999998 0.661643059375
0 0.17628613437500001 0.034665087500000004 0.2159697578125 0.06018480625 0.250835496875 0.056134159375000006 0.2563558546875 0.0196012734375 0.17663663125 0.0239902125 0.17628613437500001 0.034665087500000004
0 0.3435816703125 0.2343039546875 0.3165020609375 0.2059592046875 0.3180446734375 0.17603865937500002 0.281519346875 0.207885175 0.311779203125 0.2360548390625 0.3435816703125 0.2343039546875
0 0.3007469734375 0.44124930312500005 0.2784852453125 0.442474921875 0.253745115625 0.45662368124999997 0.24843738593750003 0.47609593749999995 0.27151793125 0.48974304843749994 0.3095639203125 0.48551731093750006 0.3007469734375 0.44124930312500005
0 0.321495259375 0.7022342109374999 0.283449271875 0.706459946875 0.268132909375 0.7179587671875 0.265771478125 0.733006584375 0.2826085046875 0.749128546875 0.320771465625 0.7470274859375 0.321495259375 0.7022342109374999
0 0.30603640625 0.5237668484375 0.308835475 0.529530853125 0.3174601359375 0.531660246875 0.3245006765625 0.530799521875 0.3297926078125 0.52772706875 0.3263360140625 0.5254900296875 0.31982179843749997 0.516616678125 0.31809791718749997 0.51103003125 0.31327929375 0.5136608609375 0.30851284218749997 0.5172392921875 0.30603640625 0.5237668484375
0 0.3089945796875 0.4937747625 0.30777645 0.49100104843750003 0.298378653125 0.49412266718750003 0.29346705625 0.501496084375 0.29383084375 0.5081038234374999 0.3024814734375 0.5107048953125 0.31257548125 0.5073083921875 0.3104694453125 0.501269678125 0.3089945796875 0.4937747625
0 0.29994855781249996 0.43248322968749997 0.2906905234375 0.43820137656249997 0.29304569375 0.4423339421875 0.30014135 0.4424163984375 0.3010162765625 0.4454455609375 0.3087660109375 0.44454579218749996 0.307417925 0.43941156562500006 0.3074070265625 0.43278226406250003 0.29994855781249996 0.43248322968749997
0 0.29822505312500003 0.1088126578125 0.304989021875 0.11138760156250001 0.312127175 0.1127634359375 0.3200491703125 0.11232729062499999 0.321290125 0.10960573124999999 0.3179799046875 0.1068406421875 0.316726765625 0.10012842656250001 0.3154121203125 0.0922410859375 0.31495907968750003 0.08401221875 0.31794047187499996 0.0820792515625 0.31690083125 0.0791870265625 0.31072137031249997 0.07923314218750001 0.3017416171875 0.08444368125 0.2927588 0.08965651875 0.290211128125 0.09952532343750001 0.29822505312500003 0.1088126578125